526.008240034007
529.418939840051
532.735023325118
535.959354102948
539.094736206094
542.143914794234
545.109576858733
547.994351923446
550.800812741780
553.531475990000
556.188802956779
558.775200229007
561.293020373841
563.744562617005
566.132073517344
568.457747637617
570.723728211550
572.932107807129
575.084928986148
577.184184960000
579.231820241722
581.229731294284
583.179767175134
585.083730176983
586.943376464844
588.760416709319
590.536516716136
592.273298051932
593.972338666286
595.635173510000
597.263295149634
598.858154378281
600.421160822598
601.953683546081
603.457051648594
604.932554862141
606.381444142893
607.804932259455
609.204194377393
610.580368640000
611.934556745316
613.267824519398
614.581202485831
615.875686431498
617.152237968594
618.411785092884
619.655222738220
620.883413327299
622.097187318671
623.297343750000
624.484650777569
625.659846212035
626.823638050434
627.976705004436
629.119697024844
630.253235822346
631.377915384517
632.494302489062
633.602937213318
634.704333440000
635.798979359191
636.887337966591
637.969847558007
639.046922220093
640.118952317344
641.186304975329
642.249324560184
643.308333154345
644.363631028536
645.415497110000
646.464189446984
647.509945669468
648.552983446150
649.593500937671
650.631677246094
651.667672860631
652.701630099620
653.733673548748
654.763910495524
655.792431360000
656.819310121746
657.844604743065
658.868357588464
659.890595840369
660.911331911094
661.930563851053
662.948275753227
663.964438153871
664.979008429481
665.991931190000
667.003138668278
668.012551105782
669.020077134547
670.025614155386
671.029048712344
672.030256863396
673.029104547404
674.025447947314
675.019133849609
676.010000000000
676.997875455381
677.982580932019
678.963929150000
679.941725173924
680.915766749844
681.885844638458
682.851742944551
683.813239442678
684.770105899106
685.722108390000
686.669007615853
687.610559212175
688.546514056423
689.476618571181
690.400615023594
691.318241821041
692.229233803068
693.133322529561
694.030236565174
694.919701760000
695.801441526495
696.675177112652
697.540627871416
698.397511526359
699.245544433594
700.084441839943
700.913918137354
701.733687113564
702.543462199012
703.342956710000
704.131884088108
704.909958135849
705.676893248580
706.432404642657
707.176208579844
707.908022587965
708.627565677811
709.334558556287
710.028723835819
710.709786240000
711.377472805490
712.031513080166
712.671639317513
713.297586667274
713.909093362344
714.505900901908
715.087754230838
715.654401915330
716.205596314797
716.741093750000
717.260654667443
717.764043800002
718.251030323816
718.721388011412
719.174895381094
719.611335842570
720.030497838835
720.432174984293
720.816166199144
721.182275840000
721.530313826765
721.860095765759
722.171443069089
722.464183070269
722.738149136094
722.993180774752
723.229123740201
723.445830132777
723.643158496062
723.820973910000
723.979148080258
724.117559423836
724.236093150932
724.334641343047
724.413103027344
724.471384247255
724.509398129338
724.527064946380
724.524312176750
724.501074560000
724.457294148720
724.392920356632
724.307910002946
724.202227352945
724.075844154843
723.928739672877
723.760900716645
723.572321666703
723.363004496407
723.132958790000
722.882201756952
722.610758242549
722.318660734728
722.005949367162
721.672671918594
721.318883808419
720.944648088521
720.550035431346
720.135124114235
719.700000000000
719.244756513755
718.769494615986
718.274322771881
717.759356916900
717.224720418593
716.670544034682
716.096965867369
715.504131313909
714.892193013432
714.261310789999
713.611651591926
712.943389427343
712.256705296005
711.551787117357
710.828829654843
710.088034436464
709.329609671586
708.553770163992
707.760737221199
706.950738560000
706.124008208270
705.280786403019
704.421319484699
703.545859787734
702.654665527343
701.748000682566
700.826134875572
699.889343247196
698.937906328736
697.972109909999
696.992244903582
695.998607205417
694.991497551561
693.971221371231
692.938088636093
691.892413705787
690.834515169729
689.764715685118
688.683341811245
687.590723840000
686.487195622664
685.373094392933
684.248760586195
683.114537655050
681.970771881093
680.817812182931
679.656009920454
678.485718695362
677.307294147923
676.121093749999
674.927476594316
673.726803179970
672.519435194197
671.305735290387
670.086066862344
668.860793814793
667.630280330151
666.394890631525
665.154988741971
663.910938239999
662.663102011339
661.411841996926
660.157518937172
658.900492112445
657.641119079845
656.379755406176
655.116754397219
653.852466823210
652.587240640586
651.321420709999
650.055348510532
648.789361850203
647.523794572713
646.258976260421
644.995231933593
643.732881745878
642.472240676056
641.213618216009
639.957318054975
638.703637760000
637.452868452692
636.205294482201
634.961193094429
633.720834097519
632.484479523595
631.252383286701
630.024790837061
628.801938811537
627.584054680334
626.371356390000
625.164052002625
623.962339331317
622.766405571910
621.576426930936
620.392568249844
619.214982625441
618.043811026639
616.879181907378
615.721210815860
614.570000000000
613.425638009129
612.288199291955
611.157743790763
610.034316531873
608.917947212343
607.808649782908
606.706422027185
605.611245137141
604.523083284757
603.441883190000
602.367573684999
601.300065274509
600.239249692584
599.184999455534
598.137167411091
597.095586283887
596.060068217105
595.030404310427
594.006364154225
592.987695360002
591.974123087042
590.965349565388
589.961053614979
588.960890161112
587.964489746093
586.971458037193
585.981375330787
584.993796052827
584.008248255463
583.024233110000
582.041224396056
581.058667986982
580.075981331542
579.092552931810
578.107741817342
577.120877015610
576.131257018641
575.138149245950
574.140789503671
573.138381440003
572.130095996836
571.115070857700
570.092409891877
569.061182594829
568.020423524842
566.969131735954
565.906270207069
564.830765267394
563.741506018050
562.637343749997
561.517091358189
560.379522751939
559.223372261577
558.047334041364
556.850061468593
555.630166539017
554.386219258472
553.116747030759
551.820234041795
550.495120640006
549.139802712912
547.752631060097
546.331910762249
544.875900546620
543.382812148596
541.850809669604
540.278008931233
538.662476825641
537.002230662110
535.295237509994
533.539413537806
531.732623348566
529.872679311497
527.957340889800
525.984313964840
523.951250156507
521.855746139773
519.695342957639
517.467525330197
515.169720960003
512.799299833666
510.353573519767
507.829794462905
505.225155274099
502.536788017341
499.761763492525
496.897090514475
493.939715188367
490.886520181260
487.734323989999
484.479880205291
481.119876772084
477.650935246097
474.069610046717
470.372387706088
466.555686114461
462.615853761753
458.549168975414
454.351839154486
450.020000000002
445.549714741497
440.936973359921
436.177691806641
431.267711218853
426.202797131086
420.978638683121
415.590847824009
410.034958512382
404.306425913086
398.400625589987
392.312852695079
386.038321153677
379.572162846167
372.909426785717
366.045078292351
358.973998163308
351.690981839633
344.190738568853
336.467890564247
328.516972159990