29.9001730817097
31.2090477160908
32.5819487396656
34.0182923106374
35.5174634799999
37.0788171861751
38.7016792400688
40.3853473005277
42.1290918402120
43.9321571018751
45.7937620450508
47.7131012831567
49.6893460110002
51.7216449226970
53.8091251199995
55.9508930110362
58.1460351994546
60.3936193639825
62.6926951283912
65.0422949218748
67.4414348298311
69.8891154350620
72.3843226493743
74.9260285355961
77.5131921199994
80.1447601951367
82.8196681130798
85.5368405690766
88.2951923756106
91.0936292268740
93.9310484536516
96.8063397686076
99.7183860019881
102.666063827735
105.648244480000
108.663794460078
111.711576233746
114.790448919011
117.899268964270
121.036890816874
124.202167582113
127.393951672593
130.611095448043
133.852451845515
137.116875000000
140.403220855458
143.710347766250
147.037117088986
150.382393764769
153.745046891874
157.123950288814
160.517983047820
163.926030078736
167.346982643333
170.779738879999
174.223204318880
177.676292387396
181.137924906199
184.607032575508
188.082555451874
191.563443415354
195.048656627084
198.537165977271
202.027953523591
205.520012919998
209.012349835940
212.503982365981
215.993941429853
219.481271162887
222.965029296875
226.444287531335
229.918131895190
233.385663098845
236.845996876691
240.298264320000
243.741612200239
247.175203282807
250.598216631148
254.009847901306
257.409309626873
260.795831494356
264.168660608934
267.527061750661
270.870317621030
274.197729079998
277.508615373380
280.802314350673
284.078182673282
287.335596013165
290.573949241873
293.792656610015
296.991151917122
300.168888671915
303.325340243009
306.460000000000
309.572381444960
312.662018334376
315.728464791455
318.771295408866
321.790105341873
324.784510391915
327.754147080547
330.698672713807
333.617765437027
336.511124280000
339.378469192580
342.219541070722
345.034101772869
347.821934126801
350.582841926875
353.316649921658
356.023203792014
358.702370119544
361.354036345488
363.978110719998
366.574522241844
369.143220588508
371.684176036721
374.197379373381
376.682841796875
379.140594808837
381.570690096313
383.973199404315
386.348214398785
388.695846520002
391.016226826344
393.309505828535
395.575853314218
397.815458163001
400.028528151871
402.215289751060
404.375987910262
406.510885835329
408.620264755325
410.704423679997
412.763679147680
414.798364963603
416.808831928554
418.795447558061
420.758595791872
422.698676693920
424.616106142646
426.511315511782
428.384751341505
430.236874999996
432.068162335461
433.879103318503
435.670201674931
437.441974508958
439.194951916869
440.929676591019
442.646703414269
444.346599044881
446.029941491720
447.697319679993
449.349333007289
450.986590890047
452.609712300541
454.219325294099
455.816066526868
457.400580763961
458.973520377939
460.535544837812
462.087320188379
463.629518519991
465.162817428745
466.687899467032
468.205451584598
469.716164559875
471.220732421876
472.719851862334
474.214221638437
475.704541965788
477.191513901886
478.675838720003
480.158217273437
481.639349350266
483.119933018285
484.600663960696
486.082234801872
487.565334423760
489.050647272591
490.538852656009
492.030624030624
493.526628279995
495.027524982988
496.533965672519
498.046593084824
499.566040398950
501.092930466868
502.627875033819
504.171473949175
505.724314367665
507.286969941000
508.859999999995
510.443948726958
512.039344318624
513.646698139402
515.266503865046
516.899236616869
518.545352086130
520.205285649001
521.879451471946
523.568241607417
525.272025079996
526.991146962996
528.725927445377
530.476660889211
532.243614877402
534.027029251877
535.827115142261
537.644053984858
539.477996532080
541.329061852267
543.197336319989
545.082872596652
546.985688601572
548.905766473471
550.843051522374
552.797451171872
554.768833891843
556.757028121558
558.761821183258
560.782958185972
562.820140919994
564.873026741545
566.941227447992
569.024308143356
571.121786094400
573.233129576870
575.357756712455
577.495034295920
579.644276612653
581.804744246900
583.975642879990
586.156122079270
588.345274077451
590.542132542093
592.745671335848
594.954803266857
597.168378829724
599.385184936714
601.603943639520
603.823310841481
606.041874999995
608.258155819461
610.470602934758
612.677594584869
614.877436277145
617.068359441879
619.248520077223
621.415997384716
623.568792395010
625.704826584097
627.821940479976
629.917892259696
631.990356336703
634.036921938877
636.055091676665
638.042280101872
639.995812256577
641.912922212790
643.790751602364
645.626348137170
647.416664119983
649.158554945552
650.848777592098
652.483989103327
654.060745060860
655.575498046890
657.024596097354
658.404281145674
659.710687456714
660.939840051073
662.087653119980
663.149928430627
664.122353721695
665.000501089433
665.779825364075
666.455662476855
667.023227817161
667.477614580232
667.813792105329
668.026604204207
668.110767479973
668.060869636599
667.871367778385
667.536586700331
667.050717168768
666.407814191877
665.601795281634
664.626438705209
663.475381727391
662.142118842985
660.619999999999
658.902228812950
656.981860766872
654.851801411352
652.504804545226
649.933470391856
647.130243764317
644.087412221426
640.797104214111
637.251287221815
633.441765879988
629.360180097390
624.998003164022
620.346539849550
615.396924491990
610.140119076823
604.566911306845
598.667912661736
592.433556448605
585.854095843059
578.919601919995